image_width: 1440
image_height: 1080
camera_name: narrow_stereo
camera_matrix:
  rows: 3
  cols: 3
  data: [2539.06838,    0.     ,  766.56555,
            0.     , 2536.80255,  559.05961,
            0.     ,    0.     ,    1.     ]
distortion_model: plumb_bob
distortion_coefficients:
  rows: 1
  cols: 5
  data: [-0.153479, 0.041182, 0.000560, 0.000746, 0.000000]
rectification_matrix:
  rows: 3
  cols: 3
  data: [1., 0., 0.,
         0., 1., 0.,
         0., 0., 1.]
projection_matrix:
  rows: 3
  cols: 4
  data: [2505.23291,    0.     ,  767.67474,    0.     ,
            0.     , 2516.46216,  559.00791,    0.     ,
            0.     ,    0.     ,    1.     ,    0.     ]
